317
10000 10000
1 2772 643 334 423
2 5198 7382 457 137
3 2565 3444 215 292
4 8829 6643 289 326
5 9545 6085 144 436
6 6313 1751 168 563
7 8794 5952 205 691
8 6593 6559 145 539
9 3106 1305 185 340
10 6111 4019 594 264
11 4570 1960 626 201
12 8215 6864 614 179
13 6205 9591 367 127
14 3635 5197 287 437
15 5579 4747 455 345
16 8582 0 199 554
17 1974 751 468 133
18 2656 4816 122 381
19 2963 7484 165 285
20 3365 2405 459 206
21 424 0 487 161
22 3106 686 228 619
23 1525 6262 249 188
24 4895 5428 190 578
25 4174 7534 479 131
26 3955 7534 219 572
27 7813 3177 197 479
28 2038 4854 226 695
29 5982 5792 224 560
30 2565 2842 670 210
31 1586 2608 164 380
32 4653 8017 307 154
33 6783 1868 214 293
34 5627 6006 355 221
35 4895 5004 273 230
36 274 2454 171 642
37 2053 6463 764 205
38 1177 2040 291 485
39 5198 6352 317 446
40 0 1565 202 774
41 4274 5573 267 352
42 935 5598 590 239
43 7487 1382 218 721
44 5579 4019 532 236
45 6098 1312 364 128
46 5198 6962 453 173
47 5646 854 375 377
48 6966 457 256 307
49 1165 4053 409 269
50 6180 7099 407 192
51 4659 8171 131 479
52 6578 8185 207 603
53 3815 6911 450 138
54 3512 2905 219 432
55 6572 9591 323 242
56 2053 6714 294 427
57 4726 6006 308 409
58 4191 6569 257 244
59 3350 4462 520 210
60 5651 6962 337 420
61 4201 4005 205 457
62 8003 2613 414 265
63 2948 8677 596 210
64 5988 6559 430 145
65 6916 9414 620 177
66 3334 9469 429 220
67 7939 1553 213 663
68 5097 854 158 591
69 5982 5541 679 207
70 4659 8650 400 393
71 5198 6798 479 164
72 611 548 330 285
73 5085 5428 249 441
74 2264 5598 212 664
75 3771 7237 402 274
76 2700 8677 248 505
77 2047 3736 396 317
78 7237 7982 774 203
79 8215 7387 238 395
80 6838 4019 203 309
81 6180 8017 398 158
82 4541 5573 185 510
83 7593 5123 382 370
84 9432 5141 163 286
85 6354 9204 268 175
86 941 548 471 333
87 7609 2245 214 368
88 3961 4462 600 262
89 2349 2526 216 655
90 4070 3104 487 257
91 935 4470 166 469
92 7611 5916 365 172
93 8374 7782 447 176
94 0 354 611 153
95 5741 9358 464 135
96 8819 4649 151 517
97 2574 884 198 712
98 6021 854 309 458
99 2577 7019 246 318
100 8887 3814 110 426
101 935 3112 151 521
102 8233 6571 375 125
103 5579 4487 423 260
104 4895 5234 323 194
105 472 1183 705 177
106 8582 554 527 238
107 5034 6006 593 212
108 1749 0 500 219
109 7975 5123 295 212
110 5646 1584 280 167
111 3350 4056 294 373
112 1752 4470 286 439
113 1750 2608 386 244
114 2919 2526 446 316
115 7994 3713 586 160
116 1031 7885 121 388
117 7590 7098 450 315
118 4173 7135 314 399
119 1863 2040 161 389
120 7228 1382 259 486
121 3635 4816 639 245
122 3824 2905 246 511
123 8582 1382 193 324
124 7536 8433 527 149
125 3635 5634 180 260
126 1412 751 145 432
127 4274 5256 445 317
128 1031 7108 497 315
129 7611 6154 268 409
130 3922 6288 172 457
131 6446 2314 238 264
132 3644 4005 317 148
133 5598 1960 628 225
134 7631 4019 225 349
135 3512 3483 152 515
136 6418 6559 175 540
137 9054 2613 520 151
138 1974 1183 600 262
139 6738 3041 671 210
140 7237 7098 353 132
141 1177 2525 252 434
142 274 3633 180 435
143 6354 8788 562 195
144 7409 3041 200 313
145 3090 5197 545 259
146 0 2339 407 115
147 2296 8677 256 612
148 1177 2959 409 153
149 4659 9269 220 358
150 2885 3483 627 225
151 8580 3713 221 428
152 7704 4487 290 162
153 4561 4462 321 196
154 3111 0 517 304
155 1412 1183 562 167
156 7609 2103 330 142
157 9796 2216 156 504
158 5218 5004 132 357
159 3922 6083 768 205
160 7609 3177 204 536
161 8287 5952 267 177
162 4406 4005 400 157
163 9118 6643 427 184
164 6738 2786 368 255
165 3090 6745 287 274
166 5646 1445 452 139
167 6966 0 520 210
168 7994 3873 302 208
169 5097 686 467 168
170 5097 1445 549 258
171 9109 0 448 281
172 9574 2216 222 494
173 8233 6696 561 168
174 6481 1382 302 260
175 2708 4251 197 320
176 3544 8323 411 383
177 7259 6002 310 152
178 1836 7262 460 171
179 5828 7382 120 390
180 1100 354 649 194
181 8829 6969 224 418
182 935 3633 230 479
183 8287 5123 532 236
184 1177 1350 602 183
185 9061 5437 217 648
186 2565 3052 320 392
187 7041 4019 590 213
188 1574 4470 178 352
189 2656 5598 434 218
190 4570 304 412 382
191 2708 4056 642 195
192 2476 4571 448 245
193 6966 764 228 618
194 2574 453 699 180
195 2443 4056 265 414
196 7939 1382 643 171
197 7775 2613 228 551
198 5795 3354 235 665
199 7486 0 172 457
200 5077 8650 284 554
201 1749 354 277 397
202 0 881 472 200
203 2347 6714 230 548
204 424 161 676 186
205 5143 4462 436 251
206 6578 7703 582 269
207 8011 7782 274 457
208 7091 6002 168 557
209 7286 5541 307 461
210 3815 6745 376 166
211 454 7885 291 485
212 9061 5141 371 296
213 6705 4019 133 468
214 4659 9043 418 226
215 4453 8171 206 381
216 7259 6154 352 446
217 6446 2578 292 539
218 8063 8239 134 470
219 5655 7382 173 635
220 3161 8887 173 272
221 2565 3736 246 320
222 4012 304 532 177
223 9054 2764 221 495
224 9118 6827 261 600
225 5741 9204 613 154
226 6493 6002 598 237
227 2264 4854 211 744
228 5196 1960 402 117
229 5478 2405 361 435
230 2038 4470 287 384
231 8540 3259 400 118
232 1528 7108 308 409
233 3273 453 739 190
234 4882 4462 261 542
235 7160 8185 232 540
236 5497 9269 244 322
237 8287 5809 327 143
238 6661 5541 625 251
239 8801 3377 216 437
240 2264 6262 392 201
241 1863 2429 486 128
242 2700 7484 184 597
243 8374 9003 384 205
244 7976 5335 132 474
245 7237 7634 135 348
246 2919 2161 129 365
247 8580 4141 307 462
248 1974 1445 238 595
249 7041 3713 626 251
250 454 5837 577 218
251 5196 2405 282 500
252 4690 6415 508 154
253 0 2454 274 574
254 1528 7517 213 368
255 2296 7262 277 510
256 9061 4603 146 538
257 1586 2040 277 568
258 0 1360 461 205
259 4012 481 558 169
260 7392 8185 443 248
261 4201 3361 171 644
262 5579 3354 216 655
263 3731 3416 470 268
264 0 0 424 333
265 8040 7098 175 536
266 3955 8323 498 284
267 4879 9269 618 229
268 2948 8887 213 591
269 2296 7772 404 390
270 2212 2077 340 324
271 4174 7665 426 294
272 3955 9043 369 426
273 7609 2613 166 564
274 4274 5004 621 252
275 5982 5092 245 449
276 5655 8017 525 239
277 5839 2405 607 181
278 2584 1703 335 374
279 2823 7019 648 218
280 1100 0 221 354
281 4570 686 527 209
282 8554 5952 203 619
283 2700 8081 263 596
284 8374 8709 159 294
285 6783 1382 445 176
286 6330 979 636 172
287 7975 4649 344 183
288 2212 1596 372 126
289 8819 5166 242 519
290 1750 2852 297 369
291 7286 4747 418 376
292 2823 7237 574 247
293 1774 6262 174 452
294 4570 1703 366 257
295 3544 7769 227 554
296 7611 5541 168 375
297 6587 7317 163 386
298 8010 3177 530 177
299 1774 6714 279 394
300 6738 2161 251 625
301 7879 6154 354 310
302 3235 2905 218 578
303 8063 8709 311 201
304 7976 5916 311 151
305 9595 3377 293 268
306 6587 7099 650 218
307 5598 2185 715 220
308 274 3112 661 213
309 8758 9003 546 143
310 7160 8725 227 689
311 8417 2613 637 222
312 9304 8239 180 609
313 7994 4141 481 228
314 5982 6352 511 183
315 2574 219 537 234
316 5478 2840 596 264
317 6330 686 214 293
