33
1205 1095
bk1 609 0 336 133
bk10a 448 259 119 378
bk10b 945 0 140 161
bk10c 1085 0 49 119
bk11 259 840 119 175
bk12 0 630 140 406
bk13 182 343 140 497
bk14a 140 840 119 196
bk14b 378 973 294 119
bk14c 567 336 161 119
bk15a 707 497 119 266
bk15b 0 140 336 119
bk16 455 133 119 126
bk17a 0 259 182 371
bk17b 574 133 182 203
bk18 756 294 182 203
bk19 322 259 119 84
bk2 315 0 294 133
bk20 826 707 182 350
bk21 0 0 315 140
bk3 693 763 133 315
bk4 1036 161 133 560
bk5a 567 455 140 133
bk5b 567 588 133 175
bk5c 756 161 231 133
bk6 378 840 315 133
bk7 938 294 98 182
bk8a 826 497 210 210
bk8b 322 343 126 378
bk9a 322 721 182 119
bk9b 336 140 119 119
bk9c 1008 721 119 357
bk9d 182 259 119 84
