49
5336 7673
M001 0 2058 1708 3234
M002 4648 5880 672 1554
M003 0 5292 1008 2184
M004 2450 1792 1610 3080
M005 4060 3528 532 1386
M006 3094 4872 882 1862
M007 4060 2660 350 868
M008 0 0 1246 644
M009 1008 5292 462 980
M010 2996 0 294 616
M011 2464 6174 378 826
M012 1708 1862 406 798
M013 2842 6734 672 266
M014 1008 7000 924 406
M015 3262 1358 840 406
M016 4074 560 322 798
M017 4396 560 392 756
M018 2996 616 1078 392
M019 4410 2660 392 826
M020 2072 2660 252 798
M021 2926 7000 826 392
M022 1974 7000 952 364
M023 1974 5866 490 1134
M024 4900 4228 266 798
M025 3262 1008 784 322
M026 4830 1764 350 728
M027 4060 4914 840 364
M028 4158 0 1064 518
M029 4802 3234 490 994
M030 1708 3514 728 1302
M031 1470 5292 392 1050
M032 2884 1008 378 784
M033 560 910 1890 952
M034 0 910 560 1148
M035 4900 5026 392 854
M036 1974 4872 448 994
M037 1778 0 1218 560
M038 1008 6342 966 448
M039 3976 6440 364 784
M040 3290 168 868 392
M041 1708 2660 364 854
M042 3290 0 378 168
M043 1246 0 532 910
M044 2464 4872 630 1302
M045 3976 5278 672 1162
M046 4830 560 504 1204
M047 2450 616 434 812
M048 4102 1358 728 1302
M049 4830 2492 392 742
