48929008
0
97858016
9952 9833
295
b1 2853 770 3373 980
b2 3373 2182 3935 2349
b3 4116 2106 4418 2314
b4 891 4250 1504 4404
b5 8002 8343 8384 8755
b6 9391 6820 9825 7072
b7 6022 1764 6280 2313
b8 8703 5892 8871 6359
b9 4372 1550 4545 2003
b10 2965 2563 3285 2760
b11 2330 1387 2794 1522
b12 6610 407 6924 806
b13 5759 5431 5997 6026
b14 10122 4524 10274 4834
b15 8161 445 8334 1080
b16 1334 0 1779 317
b17 4592 5619 4960 5832
b18 5917 5192 6691 5394
b19 8584 2095 9263 2302
b20 2925 10070 3067 10400
b21 10460 6319 10954 6541
b22 2977 3405 3134 3805
b23 6398 1387 6913 1539
b24 2254 7702 2845 7860
b25 8838 9931 9093 10299
b26 8251 4188 8703 4327
b27 8721 1537 9113 1857
b28 2140 1104 2467 1247
b29 8721 2164 8957 2696
b30 4977 609 5138 998
b31 5405 9543 5554 10070
b32 5995 1537 6716 1755
b33 4619 4764 4977 4984
b34 7620 4468 7879 5013
b35 3008 1173 3599 1386
b36 3404 4188 3625 4683
b37 3373 0 3780 115
b38 891 5458 1562 5668
b39 2496 5301 2647 5821
b40 6977 609 7222 1057
b41 619 7137 1221 7320
b42 6318 11042 6574 11654
b43 2295 6173 2563 6582
b44 11025 1080 11289 1318
b45 9161 6251 9391 6730
b46 2467 1537 2692 2164
b47 6656 669 6812 1173
b48 6022 6820 6246 7238
b49 5493 8725 5925 8870
b50 9199 8117 9371 8574
b51 3803 7885 4261 8194
b52 9444 2728 9649 3112
b53 1885 10431 2078 10755
b54 1679 3307 1928 3495
b55 10845 10431 11025 10866
b56 5697 6023 5956 6509
b57 9480 6803 10171 7008
b58 2958 1455 3404 1771
b59 5892 7990 6392 8209
b60 891 4710 1348 4882
b61 6094 3405 6274 4104
b62 4885 3702 5115 4250
b63 8056 2182 8800 2393
b64 4170 6730 4370 7202
b65 3599 5633 3774 6173
b66 2563 10044 2845 10544
b67 8463 9561 8747 10059
b68 2925 10640 3361 10891
b69 7337 6820 7513 7267
b70 4885 4885 5346 5192
b71 5293 9117 5550 9361
b72 4599 5189 4805 5570
b73 6973 3003 7104 3482
b74 6924 5555 7276 6001
b75 293 7069 891 7306
b76 619 10261 753 10731
b77 10463 285 10623 871
b78 4550 6394 4959 6702
b79 891 5961 1630 6151
b80 9480 5189 10062 5458
b81 10377 5555 10845 5688
b82 8161 9361 8361 9674
b83 5759 10261 6527 10466
b84 5917 8870 6094 9490
b85 1630 10088 1902 10261
b86 7513 2696 7680 2976
b87 6449 1764 6886 1980
b88 6215 5167 6336 5555
b89 3361 4104 3493 4578
b90 6716 609 7186 877
b91 1348 8291 1696 8426
b92 1221 5431 1405 6028
b93 9327 323 9766 609
b94 6094 0 6288 323
b95 4085 2265 4372 2649
b96 6398 609 6560 899
b97 6336 3447 6610 3904
b98 1819 7137 2140 7333
b99 2556 10640 2958 10757
b100 5115 7350 5293 7702
b101 8584 9565 9161 9783
b102 4142 8889 4260 9289
b103 7452 6129 7606 6637
b104 10171 8291 10460 8617
b105 2845 2843 3242 3120
b106 1819 4033 2254 4394
b107 4082 4327 4493 4710
b108 8288 5431 8434 5969
b109 4603 3112 5247 3283
b110 1819 7885 1988 8443
b111 1504 5458 1679 5726
b112 9018 9007 9480 9314
b113 3334 6509 3962 6734
b114 2496 8004 2760 8598
b115 9685 4448 10122 4735
b116 3402 3374 3829 3558
b117 4634 1104 4885 1729
b118 9111 1188 9444 1612
b119 8288 9007 8463 9543
b120 3625 2976 4023 3134
b121 1870 1763 2330 1934
b122 4545 8793 4869 9133
b123 11084 2258 11453 2684
b124 891 10212 1334 10460
b125 7452 2976 8003 3204
b126 4603 9361 5139 9565
b127 6274 7267 6503 7885
b128 7466 3815 8056 4028
b129 5405 3102 5617 3695
b130 8800 6820 9327 7058
b131 3962 3702 4178 4357
b132 8161 4783 8314 5394
b133 7600 2976 8161 3144
b134 3373 5907 3550 6612
b135 3134 6813 3311 7080
b136 3008 3801 3252 4187
b137 3780 4764 4040 5187
b138 4387 6612 4592 7069
b139 2550 3482 2925 3607
b140 3373 9561 4085 9759
b141 9825 609 9976 1126
b142 10062 4570 10377 5067
b143 4085 6251 4387 6511
b144 8625 6023 8921 6394
b145 1679 3695 1885 4154
b146 6812 6509 6984 6874
b147 3913 9007 4170 9494
b148 2496 0 2712 655
b149 3334 1089 3803 1255
b150 2794 1387 3334 1619
b151 1679 4764 2190 5010
b152 4599 1387 4762 1673
b153 6398 8793 6649 9419
b154 6656 4154 6950 4527
b155 11084 3405 11616 3582
b156 9649 9561 10019 9943
b157 7799 4710 8002 5019
b158 3829 7147 4603 7350
b159 9327 1080 9729 1354
b160 6527 3930 6857 4215
b161 4599 6283 5262 6496
b162 5488 5892 5708 6321
b163 5493 3665 6157 3877
b164 3585 2418 3730 2848
b165 8056 3665 8251 4307
b166 6913 0 7399 128
b167 8384 9751 8721 10171
b168 619 2223 747 2587
b169 5346 8117 6022 8303
b170 10460 5458 10678 5892
b171 6022 2941 6398 3107
b172 2190 5091 2400 5611
b173 7879 5806 8288 6114
b174 8251 486 8479 1104
b175 1902 2201 2550 2418
b176 5493 10212 5712 10644
b177 5247 4448 5697 4586
b178 381 6946 532 7467
b179 8625 3405 9199 3679
b180 9480 2846 9685 3307
b181 7452 486 7659 1089
b182 4082 6582 4599 6886
b183 6894 2258 7301 2450
b184 4210 4570 4619 4839
b185 1221 4570 1870 4764
b186 293 2846 549 3153
b187 5617 1729 5992 2106
b188 6857 1354 7389 1590
b189 3561 6553 3913 6820
b190 2550 11298 2841 11783
b191 6886 2221 7343 2358
b192 5759 5167 5888 5532
b193 10377 1080 10684 1234
b194 1870 4783 2041 5425
b195 381 5570 654 5800
b196 7444 5806 7799 6027
b197 6795 9931 7337 10192
b198 2078 669 2320 992
b199 6950 3405 7620 3615
b200 2845 4409 3291 4726
b201 4843 1104 5067 1664
b202 5405 4154 5995 4393
b203 11453 5806 11679 6501
b204 4082 1354 4561 1551
b205 3829 3482 4110 3930
b206 3373 2976 3945 3195
b207 8721 2926 8852 3405
b208 6398 6946 6599 7338
b209 4545 3447 5123 3637
b210 2496 445 2853 577
b211 5293 2223 5798 2471
b212 6973 2976 7452 3140
b213 4260 2003 4522 2603
b214 0 3805 619 4033
b215 2794 1387 3008 1755
b216 4210 7137 4472 7737
b217 2965 4033 3561 4243
b218 11289 5619 11689 6012
b219 3829 9757 4116 10031
b220 5759 4570 5892 5038
b221 0 5425 381 5547
b222 5921 7202 6215 7629
b223 5625 1929 5917 2468
b224 10062 7350 10300 7745
b225 1504 4468 1819 4918
b226 9909 7137 10463 7421
b227 3373 4104 3585 4399
b228 6894 5555 7093 6109
b229 6157 871 6318 1358
b230 5123 1539 5287 1919
b231 5892 4327 6656 4532
b232 3746 871 4142 1188
b233 5405 1079 5630 1428
b234 8721 4404 9111 4524
b235 2556 9543 2965 9696
b236 2563 8426 2977 8691
b237 3291 7662 3746 8007
b238 6973 2670 7444 3003
b239 5759 4783 5886 5150
b240 5405 1537 6019 1716
b241 5287 3374 5488 4000
b242 654 8870 1222 9147
b243 6610 7147 6795 7487
b244 3780 0 4065 165
b245 891 5301 1137 5619
b246 2330 5189 2475 5728
b247 7452 6173 7600 6490
b248 2563 1537 2789 1955
b249 10463 2014 11026 2182
b250 4260 3752 4696 3896
b251 9729 3405 9909 3665
b252 6157 2418 6449 2633
b253 8161 5019 8584 5353
b254 5346 2926 5595 3367
b255 3334 8580 3599 8994
b256 2041 4898 2335 5324
b257 0 9543 293 9757
b258 10623 7099 10789 7663
b259 2845 1387 3402 1555
b260 11196 8268 11448 8889
b261 8800 10212 9249 10457
b262 0 7467 195 8029
b263 10845 5458 11084 5983
b264 5247 3495 5493 3815
b265 3404 2221 3514 2647
b266 6022 4764 6203 5371
b267 6599 3112 6973 3447
b268 2556 6173 2910 6394
b269 8747 7367 8879 7720
b270 8361 2696 8570 3223
b271 6691 4570 6894 5189
b272 11025 7347 11196 7990
b273 4040 6803 4550 7080
b274 6984 4307 7580 4570
b275 6716 0 7010 159
b276 8384 5806 8560 6251
b277 5123 8268 5759 8440
b278 3962 1354 4306 1537
b279 7010 2095 7136 2467
b280 1222 5442 1741 5684
b281 8721 3455 9018 3824
b282 2078 3312 2496 3688
b283 4599 2905 4843 3227
b284 4603 159 4788 669
b285 4387 3455 4634 4029
b286 5997 9577 6449 9751
b287 2190 1729 2556 1986
b288 7620 7737 8174 7964
b289 1630 7496 2295 7731
b290 8463 1080 8838 1248
b291 4977 2022 5625 2240
b292 6656 2926 6819 3312
b293 5493 9047 6023 9224
b294 3803 3930 4082 4324
b295 3585 2221 4210 2472
b296 5139 1764 5449 2118
b297 7343 7267 7604 7867
b298 6398 2265 6616 2843
b299 7466 1703 7777 1904
b300 2845 1703 2996 2014
b301 5123 7099 5416 7367
b302 6610 3447 6828 4097
b303 7879 6501 8170 6986
b304 6886 2976 7106 3691
b305 1870 4357 2083 5018
b306 5262 4885 5405 5431
b307 6288 6509 6977 6736
b308 7276 1755 7498 2392
b309 6857 9577 7466 9757
b310 5493 10212 5921 10433
b311 1819 7147 2223 7537
b312 4977 5122 5205 5603
b313 2794 7350 2977 7861
b314 2556 2696 2801 3335
b315 8361 3695 8625 4291
b316 3334 7467 3568 8004
b317 5992 4524 6206 4817
